t 0 10 24
0 10 2 1 8 
1 8 2 0 2 
2 5 2 1 3 
3 6 2 2 4 
4 5 5 3 5 7 8 9 
5 3 2 4 6 
6 16 2 5 7 
7 14 2 4 6 
8 4 3 0 4 9 
9 3 2 4 8 
t 1 10 28
0 4 4 1 2 3 8 
1 5 4 0 2 3 8 
2 4 3 0 1 3 
3 17 6 0 1 2 4 5 8 
4 15 1 3 
5 7 2 3 6 
6 6 2 5 7 
7 15 1 6 
8 5 4 0 1 3 9 
9 4 1 8 
t 2 10 20
0 18 1 1 
1 8 3 0 2 3 
2 9 1 1 
3 16 2 1 4 
4 9 3 3 5 6 
5 7 2 4 9 
6 9 3 4 7 8 
7 18 1 6 
8 19 2 6 9 
9 5 2 5 8 
t 3 10 28
0 3 4 1 2 3 4 
1 12 3 0 3 4 
2 2 2 0 3 
3 7 5 0 1 2 4 5 
4 4 5 0 1 3 5 6 
5 10 2 3 4 
6 13 2 4 7 
7 9 2 6 8 
8 3 2 7 9 
9 4 1 8 
t 4 10 20
0 5 1 1 
1 5 3 0 2 5 
2 16 2 1 3 
3 16 2 2 4 
4 3 2 3 5 
5 19 5 1 4 6 7 9 
6 19 1 5 
7 3 2 5 8 
8 5 1 7 
9 1 1 5 
t 5 10 28
0 13 3 1 2 3 
1 4 8 0 2 3 4 5 6 7 8 
2 0 4 0 1 3 4 
3 15 3 0 1 2 
4 9 2 1 2 
5 13 2 1 6 
6 19 2 1 5 
7 19 1 1 
8 13 2 1 9 
9 17 1 8 
t 6 10 24
0 10 3 1 3 5 
1 10 2 0 2 
2 17 3 1 3 4 
3 16 3 0 2 4 
4 12 3 2 3 5 
5 7 4 0 4 6 7 
6 18 1 5 
7 4 2 5 8 
8 4 2 7 9 
9 2 1 8 
t 7 10 28
0 3 1 1 
1 8 4 0 2 3 4 
2 19 3 1 3 6 
3 16 5 1 2 4 6 7 
4 2 3 1 3 5 
5 0 2 4 6 
6 7 4 2 3 5 7 
7 19 3 3 6 8 
8 11 2 7 9 
9 0 1 8 
t 8 10 30
0 19 5 1 2 3 4 5 
1 16 2 0 2 
2 0 3 0 1 3 
3 17 4 0 2 4 5 
4 12 2 0 3 
5 0 5 0 3 6 8 9 
6 17 2 5 7 
7 16 2 6 8 
8 6 3 5 7 9 
9 9 2 5 8 
t 9 10 20
0 12 2 1 3 
1 18 3 0 2 3 
2 6 1 1 
3 3 4 0 1 4 5 
4 9 1 3 
5 7 2 3 6 
6 3 3 5 7 8 
7 8 1 6 
8 6 2 6 9 
9 3 1 8 
t 10 10 26
0 19 2 1 6 
1 12 5 0 2 6 7 8 
2 9 3 1 3 4 
3 19 1 2 
4 14 2 2 5 
5 14 3 4 6 7 
6 10 4 0 1 5 7 
7 1 3 1 5 6 
8 11 2 1 9 
9 6 1 8 
t 11 10 30
0 6 3 1 2 6 
1 9 3 0 2 6 
2 18 6 0 1 3 4 5 6 
3 17 3 2 4 5 
4 8 3 2 3 5 
5 8 3 2 3 4 
6 17 4 0 1 2 7 
7 11 2 6 8 
8 9 2 7 9 
9 6 1 8 
t 12 10 22
0 9 1 1 
1 1 2 0 2 
2 19 2 1 3 
3 2 3 2 4 5 
4 7 2 3 5 
5 17 4 3 4 6 7 
6 17 2 5 7 
7 3 3 5 6 8 
8 2 2 7 9 
9 7 1 8 
t 13 10 24
0 13 1 1 
1 9 2 0 2 
2 19 4 1 3 4 9 
3 6 1 2 
4 15 4 2 5 7 8 
5 2 2 4 6 
6 6 2 5 7 
7 4 3 4 6 8 
8 15 3 4 7 9 
9 18 2 2 8 
t 14 10 20
0 15 1 1 
1 14 2 0 2 
2 16 2 1 3 
3 17 2 2 4 
4 13 3 3 5 6 
5 6 1 4 
6 18 4 4 7 8 9 
7 2 2 6 8 
8 9 2 6 7 
9 13 1 6 
t 15 10 24
0 10 1 1 
1 3 2 0 2 
2 19 5 1 3 6 7 8 
3 4 4 2 4 5 9 
4 8 1 3 
5 14 2 3 6 
6 19 3 2 5 9 
7 4 2 2 8 
8 12 2 2 7 
9 17 2 3 6 
t 16 10 28
0 8 2 1 5 
1 17 4 0 2 3 5 
2 5 2 1 3 
3 12 4 1 2 4 5 
4 9 2 3 5 
5 9 5 0 1 3 4 6 
6 16 2 5 7 
7 0 3 6 8 9 
8 10 2 7 9 
9 3 2 7 8 
t 17 10 26
0 16 2 1 5 
1 9 3 0 2 4 
2 4 4 1 3 4 5 
3 15 2 2 4 
4 10 4 1 2 3 5 
5 15 4 0 2 4 6 
6 3 2 5 7 
7 10 2 6 8 
8 8 2 7 9 
9 13 1 8 
t 18 10 28
0 6 1 1 
1 1 6 0 2 4 5 6 7 
2 16 4 1 3 4 5 
3 14 2 2 4 
4 13 3 1 2 3 
5 6 4 1 2 6 7 
6 9 2 1 5 
7 18 3 1 5 8 
8 10 2 7 9 
9 19 1 8 
t 19 10 22
0 0 1 1 
1 1 3 0 2 5 
2 13 3 1 3 6 
3 11 3 2 4 5 
4 12 2 3 5 
5 18 3 1 3 4 
6 3 3 2 7 8 
7 13 1 6 
8 19 2 6 9 
9 3 1 8 
t 20 10 26
0 10 3 1 2 3 
1 0 2 0 2 
2 6 6 0 1 3 4 5 6 
3 7 2 0 2 
4 6 4 2 5 6 7 
5 8 2 2 4 
6 6 2 2 4 
7 19 2 4 8 
8 12 2 7 9 
9 10 1 8 
t 21 10 28
0 8 1 1 
1 12 2 0 2 
2 5 4 1 3 4 8 
3 5 4 2 4 6 7 
4 9 6 2 3 5 6 7 8 
5 15 2 4 6 
6 5 3 3 4 5 
7 8 2 3 4 
8 14 3 2 4 9 
9 0 1 8 
t 22 10 28
0 11 2 1 2 
1 1 2 0 2 
2 16 5 0 1 3 4 5 
3 5 1 2 
4 15 3 2 5 6 
5 12 3 2 4 6 
6 14 4 4 5 7 9 
7 18 3 6 8 9 
8 6 2 7 9 
9 8 3 6 7 8 
t 23 10 24
0 16 1 1 
1 16 2 0 2 
2 1 2 1 3 
3 7 4 2 4 6 8 
4 6 2 3 5 
5 12 2 4 6 
6 1 4 3 5 7 9 
7 7 3 6 8 9 
8 17 2 3 7 
9 10 2 6 7 
t 24 10 30
0 13 5 1 2 3 4 7 
1 9 5 0 2 3 4 7 
2 18 4 0 1 3 7 
3 12 3 0 1 2 
4 2 4 0 1 5 6 
5 14 1 4 
6 17 1 4 
7 9 4 0 1 2 8 
8 6 2 7 9 
9 12 1 8 
t 25 10 30
0 19 6 1 2 3 4 5 6 
1 0 3 0 2 3 
2 4 4 0 1 5 7 
3 2 4 0 1 4 5 
4 14 3 0 3 5 
5 18 4 0 2 3 4 
6 12 1 0 
7 13 2 2 8 
8 14 2 7 9 
9 17 1 8 
t 26 10 26
0 15 1 1 
1 9 3 0 2 3 
2 13 3 1 3 4 
3 11 4 1 2 4 6 
4 13 5 2 3 5 6 7 
5 8 1 4 
6 17 2 3 4 
7 2 3 4 8 9 
8 7 2 7 9 
9 19 2 7 8 
t 27 10 28
0 18 1 1 
1 2 2 0 2 
2 17 4 1 3 4 5 
3 9 4 2 4 5 6 
4 6 4 2 3 5 6 
5 8 4 2 3 4 6 
6 7 4 3 4 5 7 
7 10 2 6 8 
8 17 2 7 9 
9 1 1 8 
t 28 10 22
0 9 1 1 
1 5 2 0 2 
2 7 2 1 3 
3 8 2 2 4 
4 9 2 3 5 
5 5 2 4 6 
6 13 3 5 7 8 
7 2 3 6 8 9 
8 9 3 6 7 9 
9 8 2 7 8 
t 29 10 26
0 19 2 1 4 
1 19 4 0 2 3 7 
2 11 2 1 3 
3 19 4 1 2 4 8 
4 14 5 0 3 5 6 7 
5 12 2 4 6 
6 12 2 4 5 
7 18 2 1 4 
8 17 2 3 9 
9 12 1 8 
t 30 10 22
0 13 1 1 
1 1 3 0 2 3 
2 14 1 1 
3 14 4 1 4 5 9 
4 2 3 3 5 6 
5 5 2 3 4 
6 15 2 4 7 
7 8 2 6 8 
8 9 2 7 9 
9 11 2 3 8 
t 31 10 22
0 1 3 1 2 3 
1 14 3 0 2 3 
2 18 2 0 1 
3 5 3 0 1 4 
4 18 2 3 5 
5 3 2 4 6 
6 8 2 5 7 
7 10 2 6 8 
8 3 2 7 9 
9 5 1 8 
t 32 10 26
0 4 1 1 
1 5 2 0 2 
2 9 2 1 3 
3 0 3 2 4 5 
4 4 3 3 5 6 
5 9 3 3 4 6 
6 0 4 4 5 7 9 
7 9 3 6 8 9 
8 16 2 7 9 
9 16 3 6 7 8 
t 33 10 26
0 13 2 1 2 
1 11 4 0 3 4 5 
2 0 5 0 3 4 8 9 
3 3 3 1 2 5 
4 2 2 1 2 
5 9 3 1 3 6 
6 0 2 5 7 
7 19 2 6 8 
8 3 2 2 7 
9 13 1 2 
t 34 10 26
0 10 1 1 
1 19 2 0 2 
2 5 2 1 3 
3 13 3 2 4 5 
4 9 1 3 
5 14 4 3 6 7 9 
6 18 4 5 7 8 9 
7 1 3 5 6 8 
8 2 3 6 7 9 
9 4 3 5 6 8 
t 35 10 30
0 1 6 1 2 3 4 6 7 
1 9 5 0 2 3 4 5 
2 6 4 0 1 3 4 
3 18 4 0 1 2 4 
4 10 4 0 1 2 3 
5 13 1 1 
6 9 1 0 
7 11 3 0 8 9 
8 7 1 7 
9 16 1 7 
t 36 10 26
0 14 2 1 2 
1 13 1 0 
2 13 5 0 3 4 5 6 
3 4 3 2 4 5 
4 6 3 2 3 5 
5 8 3 2 3 4 
6 2 4 2 7 8 9 
7 5 2 6 8 
8 12 2 6 7 
9 2 1 6 
t 37 10 30
0 12 1 1 
1 9 2 0 2 
2 14 5 1 3 4 5 7 
3 17 3 2 4 5 
4 0 4 2 3 5 6 
5 19 4 2 3 4 6 
6 1 3 4 5 7 
7 1 4 2 6 8 9 
8 8 2 7 9 
9 6 2 7 8 
t 38 10 30
0 19 3 1 2 3 
1 10 3 0 2 3 
2 3 3 0 1 3 
3 9 5 0 1 2 4 5 
4 17 2 3 5 
5 16 5 3 4 6 7 9 
6 10 1 5 
7 17 3 5 8 9 
8 7 2 7 9 
9 5 3 5 7 8 
t 39 10 26
0 6 3 1 5 6 
1 6 5 0 2 3 4 5 
2 2 2 1 3 
3 18 3 1 2 4 
4 0 2 1 3 
5 1 2 0 1 
6 1 3 0 7 9 
7 5 2 6 8 
8 13 2 7 9 
9 6 2 6 8 
t 40 10 28
0 8 2 1 2 
1 15 2 0 2 
2 7 6 0 1 3 4 7 8 
3 0 3 2 4 5 
4 15 5 2 3 5 6 7 
5 15 2 3 4 
6 5 2 4 7 
7 2 3 2 4 6 
8 0 2 2 9 
9 12 1 8 
t 41 10 28
0 0 2 1 2 
1 3 6 0 2 3 5 6 7 
2 1 2 0 1 
3 9 3 1 4 5 
4 12 2 3 5 
5 8 4 1 3 4 6 
6 1 2 1 5 
7 16 3 1 8 9 
8 9 2 7 9 
9 3 2 7 8 
t 42 10 22
0 2 1 1 
1 2 2 0 2 
2 9 2 1 3 
3 8 2 2 4 
4 7 3 3 5 6 
5 10 3 4 6 7 
6 11 3 4 5 7 
7 15 3 5 6 8 
8 19 2 7 9 
9 16 1 8 
t 43 10 30
0 7 5 1 2 3 4 7 
1 19 6 0 2 3 4 5 6 
2 6 3 0 1 8 
3 10 4 0 1 4 7 
4 11 3 0 1 3 
5 10 2 1 6 
6 19 2 1 5 
7 4 2 0 3 
8 6 2 2 9 
9 16 1 8 
t 44 10 28
0 7 2 1 3 
1 1 2 0 2 
2 2 2 1 3 
3 19 4 0 2 4 9 
4 2 4 3 5 7 8 
5 8 3 4 6 7 
6 6 2 5 7 
7 4 4 4 5 6 8 
8 17 3 4 7 9 
9 9 2 3 8 
t 45 10 20
0 19 1 1 
1 0 3 0 2 4 
2 19 2 1 3 
3 7 2 2 4 
4 12 3 1 3 5 
5 4 2 4 6 
6 4 2 5 7 
7 16 2 6 8 
8 13 2 7 9 
9 10 1 8 
t 46 10 26
0 4 1 1 
1 7 2 0 2 
2 17 2 1 3 
3 3 2 2 4 
4 2 2 3 5 
5 3 4 4 6 8 9 
6 2 3 5 7 9 
7 5 3 6 8 9 
8 0 3 5 7 9 
9 18 4 5 6 7 8 
t 47 10 24
0 3 3 1 2 5 
1 17 2 0 2 
2 8 3 0 1 3 
3 11 4 2 4 5 6 
4 7 2 3 5 
5 4 3 0 3 4 
6 1 2 3 7 
7 16 2 6 8 
8 15 2 7 9 
9 18 1 8 
t 48 10 28
0 1 1 1 
1 19 2 0 2 
2 11 5 1 3 4 5 6 
3 19 3 2 4 7 
4 1 4 2 3 7 8 
5 4 3 2 6 8 
6 16 2 2 5 
7 1 3 3 4 8 
8 7 4 4 5 7 9 
9 6 1 8 
t 49 10 28
0 13 5 1 2 3 4 5 
1 9 3 0 2 3 
2 17 2 0 1 
3 0 3 0 1 4 
4 3 3 0 3 5 
5 6 5 0 4 6 7 9 
6 14 2 5 7 
7 13 3 5 6 8 
8 15 1 7 
9 11 1 5 
t 50 10 24
0 9 1 1 
1 3 5 0 2 3 5 6 
2 17 2 1 3 
3 9 3 1 2 4 
4 18 1 3 
5 1 2 1 6 
6 4 3 1 5 7 
7 4 3 6 8 9 
8 6 2 7 9 
9 17 2 7 8 
t 51 10 28
0 14 3 1 5 6 
1 8 5 0 2 4 5 6 
2 2 2 1 3 
3 5 2 2 4 
4 0 2 1 3 
5 18 2 0 1 
6 10 4 0 1 7 8 
7 19 3 6 8 9 
8 0 3 6 7 9 
9 12 2 7 8 
t 52 10 24
0 0 2 1 4 
1 0 4 0 2 3 4 
2 4 3 1 3 4 
3 7 2 1 2 
4 2 4 0 1 2 5 
5 11 2 4 6 
6 11 2 5 7 
7 11 2 6 8 
8 6 2 7 9 
9 19 1 8 
t 53 10 24
0 2 1 1 
1 12 3 0 2 4 
2 8 3 1 3 4 
3 7 2 2 4 
4 15 8 1 2 3 5 6 7 8 9 
5 15 1 4 
6 13 1 4 
7 17 2 4 8 
8 2 2 4 7 
9 10 1 4 
t 54 10 24
0 3 2 1 2 
1 15 2 0 2 
2 7 3 0 1 3 
3 3 3 2 4 5 
4 17 1 3 
5 14 4 3 6 8 9 
6 5 2 5 7 
7 16 2 6 8 
8 19 3 5 7 9 
9 4 2 5 8 
t 55 10 26
0 1 2 1 4 
1 5 3 0 2 8 
2 11 2 1 3 
3 18 3 2 4 8 
4 13 5 0 3 5 6 8 
5 13 1 4 
6 4 2 4 7 
7 4 2 6 8 
8 2 5 1 3 4 7 9 
9 3 1 8 
t 56 10 26
0 11 3 1 2 4 
1 1 2 0 2 
2 12 4 0 1 3 4 
3 14 3 2 4 5 
4 4 4 0 2 3 5 
5 13 3 3 4 6 
6 13 2 5 7 
7 15 2 6 8 
8 10 2 7 9 
9 13 1 8 
t 57 10 24
0 14 3 1 5 6 
1 2 4 0 2 8 9 
2 11 2 1 3 
3 14 2 2 4 
4 16 2 3 5 
5 8 3 0 4 8 
6 18 3 0 7 8 
7 8 1 6 
8 18 3 1 5 6 
9 17 1 1 
t 58 10 18
0 10 2 1 2 
1 0 1 0 
2 10 2 0 3 
3 3 2 2 4 
4 16 2 3 5 
5 16 2 4 6 
6 8 2 5 7 
7 13 2 6 8 
8 8 2 7 9 
9 19 1 8 
t 59 10 26
0 17 2 1 3 
1 15 2 0 2 
2 3 2 1 3 
3 16 3 0 2 4 
4 7 3 3 5 6 
5 15 2 4 6 
6 16 4 4 5 7 9 
7 16 3 6 8 9 
8 13 2 7 9 
9 8 3 6 7 8 
t 60 10 24
0 19 1 1 
1 8 2 0 2 
2 0 2 1 3 
3 19 3 2 4 5 
4 17 2 3 5 
5 0 4 3 4 6 8 
6 6 2 5 7 
7 18 3 6 8 9 
8 7 3 5 7 9 
9 6 2 7 8 
t 61 10 28
0 12 1 1 
1 3 4 0 2 3 4 
2 15 2 1 3 
3 19 2 1 2 
4 11 2 1 5 
5 1 3 4 6 7 
6 19 4 5 7 8 9 
7 3 4 5 6 8 9 
8 17 3 6 7 9 
9 7 3 6 7 8 
t 62 10 26
0 9 1 1 
1 5 5 0 2 3 4 6 
2 3 1 1 
3 8 4 1 4 5 6 
4 14 3 1 3 6 
5 9 3 3 6 7 
6 4 4 1 3 4 5 
7 5 2 5 8 
8 3 2 7 9 
9 14 1 8 
t 63 10 28
0 10 2 1 2 
1 18 1 0 
2 14 5 0 3 7 8 9 
3 5 5 2 4 5 6 8 
4 13 3 3 5 6 
5 9 3 3 4 6 
6 11 4 3 4 5 7 
7 13 2 2 6 
8 12 2 2 3 
9 0 1 2 
t 64 10 28
0 18 1 1 
1 2 3 0 2 3 
2 10 1 1 
3 16 4 1 4 5 6 
4 16 6 3 5 6 7 8 9 
5 17 4 3 4 6 7 
6 17 4 3 4 5 7 
7 2 3 4 5 6 
8 16 1 4 
9 1 1 4 
t 65 10 30
0 12 1 1 
1 17 9 0 2 3 4 5 6 7 8 9 
2 5 2 1 9 
3 6 4 1 4 5 6 
4 9 4 1 3 5 6 
5 1 3 1 3 4 
6 2 3 1 3 4 
7 6 1 1 
8 18 1 1 
9 19 2 1 2 
t 66 10 30
0 12 4 1 2 3 4 
1 17 4 0 2 3 4 
2 5 4 0 1 3 4 
3 17 5 0 1 2 4 5 
4 4 4 0 1 2 3 
5 2 2 3 6 
6 9 2 5 7 
7 13 2 6 8 
8 18 2 7 9 
9 5 1 8 
t 67 10 30
0 8 5 1 2 3 4 5 
1 13 3 0 2 5 
2 17 3 0 1 3 
3 8 4 0 2 4 5 
4 3 4 0 3 5 6 
5 8 4 0 1 3 4 
6 6 2 4 7 
7 0 2 6 8 
8 6 2 7 9 
9 14 1 8 
t 68 10 28
0 11 1 1 
1 6 4 0 2 3 5 
2 4 4 1 3 6 7 
3 7 3 1 2 4 
4 16 3 3 5 7 
5 4 3 1 4 6 
6 4 3 2 5 7 
7 9 4 2 4 6 8 
8 7 2 7 9 
9 6 1 8 
t 69 10 28
0 1 3 1 2 3 
1 8 3 0 2 3 
2 9 2 0 1 
3 7 5 0 1 4 5 6 
4 14 2 3 6 
5 17 2 3 6 
6 8 4 3 4 5 7 
7 1 3 6 8 9 
8 9 2 7 9 
9 6 2 7 8 
t 70 10 26
0 17 3 1 6 7 
1 19 6 0 2 3 4 5 6 
2 11 1 1 
3 0 2 1 4 
4 18 2 1 3 
5 11 2 1 6 
6 9 4 0 1 5 7 
7 13 3 0 6 8 
8 9 2 7 9 
9 3 1 8 
t 71 10 30
0 5 6 1 3 4 7 8 9 
1 19 2 0 2 
2 10 2 1 3 
3 2 6 0 2 4 5 6 7 
4 6 3 0 3 7 
5 12 2 3 6 
6 17 2 3 5 
7 18 3 0 3 4 
8 16 2 0 9 
9 9 2 0 8 
t 72 10 26
0 18 3 1 2 3 
1 11 3 0 2 3 
2 13 2 0 1 
3 17 3 0 1 4 
4 5 2 3 5 
5 9 4 4 6 7 9 
6 4 2 5 7 
7 15 3 5 6 8 
8 18 2 7 9 
9 0 2 5 8 
t 73 10 28
0 3 3 1 4 6 
1 4 7 0 2 3 4 5 6 8 
2 15 1 1 
3 7 1 1 
4 10 2 0 1 
5 11 3 1 6 7 
6 13 4 0 1 5 7 
7 10 3 5 6 8 
8 12 3 1 7 9 
9 0 1 8 
t 74 10 30
0 9 2 1 2 
1 18 3 0 2 3 
2 1 2 0 1 
3 2 3 1 4 6 
4 9 4 3 5 7 9 
5 18 5 4 6 7 8 9 
6 6 3 3 5 7 
7 17 3 4 5 6 
8 5 2 5 9 
9 6 3 4 5 8 
t 75 10 26
0 12 2 1 2 
1 8 2 0 2 
2 12 3 0 1 3 
3 19 2 2 4 
4 5 2 3 5 
5 3 4 4 6 7 9 
6 9 2 5 9 
7 19 3 5 8 9 
8 7 2 7 9 
9 15 4 5 6 7 8 
t 76 10 26
0 15 1 1 
1 2 3 0 2 6 
2 11 5 1 3 4 5 6 
3 11 2 2 4 
4 18 2 2 3 
5 0 3 2 6 9 
6 16 5 1 2 5 7 8 
7 19 1 6 
8 18 2 6 9 
9 15 2 5 8 
t 77 10 22
0 1 4 1 2 3 4 
1 1 2 0 2 
2 17 3 0 1 3 
3 0 2 0 2 
4 19 3 0 5 6 
5 15 1 4 
6 6 2 4 7 
7 3 2 6 8 
8 7 2 7 9 
9 17 1 8 
t 78 10 24
0 2 1 1 
1 12 3 0 2 3 
2 11 1 1 
3 19 2 1 4 
4 1 5 3 5 7 8 9 
5 15 2 4 6 
6 1 3 5 7 8 
7 0 3 4 6 8 
8 17 3 4 6 7 
9 10 1 4 
t 79 10 30
0 0 1 1 
1 6 5 0 2 3 4 6 
2 14 5 1 3 5 6 7 
3 11 3 1 2 4 
4 13 4 1 3 5 6 
5 15 3 2 4 6 
6 0 4 1 2 4 5 
7 9 2 2 8 
8 8 2 7 9 
9 2 1 8 
t 80 10 30
0 4 1 1 
1 1 2 0 2 
2 12 5 1 3 4 5 8 
3 4 4 2 4 5 8 
4 1 3 2 3 5 
5 4 6 2 3 4 6 7 8 
6 13 2 5 7 
7 6 2 5 6 
8 1 4 2 3 5 9 
9 14 1 8 
t 81 10 30
0 13 3 1 3 8 
1 3 4 0 2 3 8 
2 0 2 1 3 
3 9 6 0 1 2 4 6 7 
4 5 3 3 5 7 
5 7 2 4 6 
6 8 3 3 5 7 
7 12 3 3 4 6 
8 8 3 0 1 9 
9 8 1 8 
t 82 10 30
0 16 2 1 2 
1 10 4 0 2 3 7 
2 5 2 0 1 
3 19 4 1 4 5 6 
4 7 4 3 5 7 8 
5 4 2 3 4 
6 13 4 3 7 8 9 
7 11 4 1 4 6 8 
8 3 3 4 6 7 
9 7 1 6 
t 83 10 20
0 0 1 1 
1 6 2 0 2 
2 4 2 1 3 
3 7 3 2 4 6 
4 10 2 3 5 
5 10 2 4 6 
6 3 3 3 5 7 
7 9 2 6 8 
8 16 2 7 9 
9 12 1 8 
t 84 10 30
0 0 1 1 
1 0 2 0 2 
2 14 3 1 3 4 
3 14 2 2 4 
4 6 5 2 3 5 6 7 
5 4 5 4 6 7 8 9 
6 8 4 4 5 7 8 
7 4 4 4 5 6 8 
8 1 3 5 6 7 
9 12 1 5 
t 85 10 28
0 13 1 1 
1 12 3 0 2 7 
2 6 5 1 3 5 6 7 
3 17 4 2 4 5 6 
4 10 2 3 5 
5 5 4 2 3 4 6 
6 1 3 2 3 5 
7 7 4 1 2 8 9 
8 11 1 7 
9 17 1 7 
t 86 10 28
0 2 2 1 2 
1 16 3 0 2 3 
2 0 3 0 1 3 
3 6 3 1 2 4 
4 18 4 3 5 6 7 
5 14 3 4 6 7 
6 5 3 4 5 7 
7 16 4 4 5 6 8 
8 6 2 7 9 
9 6 1 8 
t 87 10 22
0 2 1 1 
1 13 2 0 2 
2 14 3 1 3 8 
3 13 3 2 4 5 
4 2 2 3 5 
5 4 3 3 4 6 
6 16 2 5 7 
7 4 2 6 8 
8 16 3 2 7 9 
9 7 1 8 
t 88 10 24
0 4 4 1 2 3 4 
1 3 2 0 2 
2 19 3 0 1 3 
3 18 2 0 2 
4 12 4 0 5 6 9 
5 7 1 4 
6 6 2 4 7 
7 17 2 6 8 
8 14 2 7 9 
9 5 2 4 8 
t 89 10 24
0 6 1 1 
1 16 3 0 2 3 
2 10 2 1 3 
3 16 5 1 2 4 5 9 
4 12 2 3 5 
5 7 5 3 4 6 7 8 
6 0 2 5 8 
7 11 1 5 
8 5 2 5 6 
9 8 1 3 
t 90 10 28
0 10 1 1 
1 3 2 0 2 
2 7 6 1 3 5 6 7 8 
3 17 3 2 4 6 
4 1 2 3 5 
5 2 3 2 4 6 
6 3 4 2 3 5 7 
7 18 3 2 6 8 
8 4 3 2 7 9 
9 8 1 8 
t 91 10 28
0 7 1 1 
1 18 2 0 2 
2 9 3 1 3 4 
3 17 2 2 4 
4 16 3 2 3 5 
5 15 3 4 6 8 
6 13 4 5 7 8 9 
7 16 3 6 8 9 
8 18 4 5 6 7 9 
9 13 3 6 7 8 
t 92 10 28
0 19 1 1 
1 1 4 0 2 4 9 
2 15 4 1 3 5 8 
3 18 4 2 4 8 9 
4 2 3 1 3 5 
5 17 4 2 4 6 7 
6 17 2 5 7 
7 6 2 5 6 
8 15 2 2 3 
9 17 2 1 3 
t 93 10 24
0 12 1 1 
1 17 2 0 2 
2 18 2 1 3 
3 7 3 2 4 5 
4 8 5 3 5 6 7 8 
5 13 3 3 4 6 
6 2 3 4 5 7 
7 14 2 4 6 
8 10 2 4 9 
9 9 1 8 
t 94 10 28
0 8 2 1 2 
1 11 2 0 2 
2 17 3 0 1 3 
3 5 2 2 4 
4 10 5 3 5 6 7 8 
5 8 2 4 6 
6 14 4 4 5 7 8 
7 15 3 4 6 8 
8 3 4 4 6 7 9 
9 11 1 8 
t 95 10 26
0 16 1 1 
1 5 2 0 2 
2 19 6 1 3 4 5 6 8 
3 5 1 2 
4 7 3 2 6 7 
5 15 3 2 6 7 
6 2 4 2 4 5 9 
7 3 3 4 5 8 
8 7 2 2 7 
9 10 1 6 
t 96 10 24
0 3 1 1 
1 18 2 0 2 
2 12 2 1 3 
3 7 5 2 4 5 8 9 
4 12 3 3 5 7 
5 3 3 3 4 6 
6 12 2 5 7 
7 5 3 4 6 8 
8 13 2 3 7 
9 7 1 3 
t 97 10 24
0 7 1 1 
1 14 4 0 2 3 4 
2 18 1 1 
3 15 2 1 4 
4 19 6 1 3 5 6 7 9 
5 9 2 4 6 
6 3 2 4 5 
7 18 2 4 8 
8 17 2 7 9 
9 17 2 4 8 
t 98 10 26
0 18 2 1 4 
1 0 4 0 2 3 4 
2 19 5 1 3 4 5 6 
3 16 3 1 2 5 
4 17 3 0 1 2 
5 8 2 2 3 
6 10 2 2 7 
7 18 2 6 8 
8 4 2 7 9 
9 3 1 8 
t 99 10 30
0 10 2 1 2 
1 1 3 0 2 4 
2 10 4 0 1 3 9 
3 13 4 2 4 5 7 
4 17 3 1 3 5 
5 14 4 3 4 6 7 
6 3 2 5 8 
7 5 3 3 5 8 
8 3 3 6 7 9 
9 2 2 2 8 
